name: sequence_tools
channels:
  - anaconda
  - bioconda
  - conda-forge
  - defaults
dependencies:
  - _libgcc_mutex=0.1=conda_forge
  - _openmp_mutex=4.5=2_gnu
  - argtable2=2.13=h14c3975_1001
  - biopython=1.75=py38h516909a_0
  - blas=1.0=mkl
  - blast=2.10.1=pl526he19e7b1_3
  - bottleneck=1.3.5=py38h7deecbd_0
  - bzip2=1.0.8=h7f98852_4
  - ca-certificates=2023.7.22=hbcca054_0
  - clustalo=1.2.4=hdbdd923_7
  - curl=7.71.1=he644dc0_3
  - entrez-direct=16.2=he881be0_1
  - gettext=0.21.1=h27087fc_0
  - hhsuite=3.3.0=py38pl5262hc37a69a_2
  - hmmer=3.3.2=hdbdd923_4
  - htslib=1.11=hd3b49d5_2
  - intel-openmp=2021.4.0=h06a4308_3561
  - krb5=1.17.2=h926e7f8_0
  - ld_impl_linux-64=2.40=h41732ed_0
  - libblas=3.9.0=12_linux64_mkl
  - libcblas=3.9.0=12_linux64_mkl
  - libcurl=7.71.1=hcdd3856_3
  - libdeflate=1.19=hd590300_0
  - libedit=3.1.20191231=he28a2e2_2
  - libffi=3.2.1=he1b5a44_1007
  - libgcc-ng=13.2.0=h807b86a_1
  - libgomp=13.2.0=h807b86a_1
  - libidn2=2.3.4=h166bdaf_0
  - liblapack=3.9.0=12_linux64_mkl
  - libsqlite=3.43.0=h2797004_0
  - libssh2=1.10.0=haa6b8db_3
  - libstdcxx-ng=13.2.0=h7e041cc_1
  - libunistring=0.9.10=h7f98852_0
  - libzlib=1.2.13=hd590300_5
  - mkl=2021.4.0=h06a4308_640
  - mkl-service=2.4.0=py38h7f8727e_0
  - mkl_fft=1.3.1=py38hd3c417c_0
  - mkl_random=1.2.2=py38h51133e4_0
  - ncurses=6.2=h58526e2_4
  - numexpr=2.8.4=py38he184ba9_0
  - numpy=1.20.1=py38h18fd61f_0
  - numpy-base=1.23.5=py38h31eccc5_0
  - openssl=1.1.1w=hd590300_0
  - packaging=22.0=py38h06a4308_0
  - pandas=1.3.4=py38h8c16a72_0
  - pcre=8.45=h9c3ff4c_0
  - perl=5.26.2=h36c2ea0_1008
  - perl-archive-tar=2.32=pl526_0
  - perl-carp=1.38=pl526_3
  - perl-common-sense=3.74=pl526_2
  - perl-compress-raw-bzip2=2.087=pl526he1b5a44_0
  - perl-compress-raw-zlib=2.087=pl526hc9558a2_0
  - perl-exporter=5.72=pl526_1
  - perl-exporter-tiny=1.002001=pl526_0
  - perl-extutils-makemaker=7.36=pl526_1
  - perl-io-compress=2.087=pl526he1b5a44_0
  - perl-io-zlib=1.10=pl526_2
  - perl-json=4.02=pl526_0
  - perl-json-xs=2.34=pl526h6bb024c_3
  - perl-list-moreutils=0.428=pl526_1
  - perl-list-moreutils-xs=0.428=pl526_0
  - perl-pathtools=3.75=pl526h14c3975_1
  - perl-scalar-list-utils=1.52=pl526h516909a_0
  - perl-types-serialiser=1.0=pl526_2
  - perl-xsloader=0.24=pl526_0
  - pip=23.2.1=pyhd8ed1ab_0
  - python=3.8.0=h357f687_5
  - python-dateutil=2.8.2=pyhd3eb1b0_0
  - python_abi=3.8=2_cp38
  - pytz=2022.7=py38h06a4308_0
  - readline=8.1=h46c0cb4_0
  - samtools=1.10=h2e538c0_3
  - setuptools=68.2.2=pyhd8ed1ab_0
  - six=1.16.0=pyhd3eb1b0_1
  - sqlite=3.37.0=h9cd32fc_0
  - tk=8.6.12=h27826a3_0
  - wget=1.20.3=ha56f1ee_1
  - wheel=0.41.2=pyhd8ed1ab_0
  - xz=5.2.6=h166bdaf_0
  - zlib=1.2.13=hd590300_5
